{
	"asset":{
		"version":"2.0",
		"generator":"Houdini GLTF 2.0 Exporter"
	},
	"accessors":[
		{
			"bufferView":0,
			"componentType":5123,
			"count":10221,
			"type":"SCALAR",
			"min":[0
			],
			"max":[3392
			]
		},
		{
			"bufferView":1,
			"componentType":5126,
			"count":3393,
			"type":"VEC3",
			"min":[-0.270564467,1.49863684,-0.11322774
			],
			"max":[0.00369164348,1.75687635,0.148412392
			]
		},
		{
			"bufferView":2,
			"componentType":5126,
			"count":3393,
			"type":"SCALAR",
			"min":[0.999999881
			],
			"max":[1.00000012
			]
		},
		{
			"bufferView":3,
			"componentType":5123,
			"count":3393,
			"type":"VEC4",
			"min":[1,0,0,0
			],
			"max":[27,27,27,26
			]
		},
		{
			"bufferView":4,
			"componentType":5123,
			"count":3393,
			"type":"VEC4",
			"min":[0,0,0,0
			],
			"max":[26,0,0,0
			]
		},
		{
			"bufferView":5,
			"componentType":5126,
			"count":3393,
			"type":"VEC4",
			"min":[0.000100428268,0,0,0
			],
			"max":[1,0.999873161,0.996976137,0.96289742
			]
		},
		{
			"bufferView":6,
			"componentType":5126,
			"count":3393,
			"type":"VEC4",
			"min":[0,0,0,0
			],
			"max":[0.913224757,0,0,0
			]
		},
		{
			"bufferView":7,
			"componentType":5126,
			"count":3393,
			"type":"VEC3",
			"min":[-0.999536157,-0.999563992,-0.999072492
			],
			"max":[0.996250272,0.998206973,0.999331713
			]
		},
		{
			"bufferView":8,
			"componentType":5126,
			"count":3393,
			"type":"VEC2",
			"min":[0.00831895974,0.00597500801
			],
			"max":[0.992990971,0.992946982
			]
		},
		{
			"bufferView":9,
			"componentType":5126,
			"count":3393,
			"type":"VEC4",
			"min":[1,0,0,0
			],
			"max":[1,0,0,0
			]
		},
		{
			"bufferView":10,
			"componentType":5125,
			"count":3393,
			"type":"VEC4",
			"min":[6488163,6488163,6488163,6488163
			],
			"max":[6488163,6488163,6488163,6488163
			]
		},
		{
			"bufferView":11,
			"componentType":5126,
			"count":3393,
			"type":"VEC2",
			"min":[0.00831895974,0.00597500801
			],
			"max":[0.992990971,0.992946982
			]
		},
		{
			"bufferView":12,
			"componentType":5126,
			"count":3393,
			"type":"VEC4",
			"min":[-0.999907911,-1,-0.999908209,1
			],
			"max":[0.999999881,1,0.999159753,1
			]
		},
		{
			"bufferView":13,
			"componentType":5126,
			"count":3393,
			"type":"SCALAR",
			"min":[1
			],
			"max":[1
			]
		},
		{
			"bufferView":14,
			"componentType":5123,
			"count":6456,
			"type":"SCALAR",
			"min":[0
			],
			"max":[1776
			]
		},
		{
			"bufferView":15,
			"componentType":5126,
			"count":1777,
			"type":"VEC3",
			"min":[-0.349497437,-0.0347880423,-0.265356332
			],
			"max":[0.146439314,0.984676778,0.489133239
			]
		},
		{
			"bufferView":16,
			"componentType":5126,
			"count":1777,
			"type":"SCALAR",
			"min":[0.999999881
			],
			"max":[1.00000024
			]
		},
		{
			"bufferView":17,
			"componentType":5123,
			"count":1777,
			"type":"VEC4",
			"min":[0,0,0,0
			],
			"max":[32,32,32,28
			]
		},
		{
			"bufferView":18,
			"componentType":5123,
			"count":1777,
			"type":"VEC4",
			"min":[0,0,0,0
			],
			"max":[28,0,0,0
			]
		},
		{
			"bufferView":19,
			"componentType":5126,
			"count":1777,
			"type":"VEC4",
			"min":[0.000102536847,0,0,0
			],
			"max":[1,0.999895871,0.999453008,0.997361839
			]
		},
		{
			"bufferView":20,
			"componentType":5126,
			"count":1777,
			"type":"VEC4",
			"min":[0,0,0,0
			],
			"max":[0.640241146,0.645132422,0,0
			]
		},
		{
			"bufferView":21,
			"componentType":5126,
			"count":1777,
			"type":"VEC3",
			"min":[-0.999786496,-0.994946957,-0.999557972
			],
			"max":[0.99915576,0.999659717,0.999929607
			]
		},
		{
			"bufferView":22,
			"componentType":5126,
			"count":1777,
			"type":"VEC2",
			"min":[0.00365298893,0.00444805622
			],
			"max":[0.992955029,0.99149102
			]
		},
		{
			"bufferView":23,
			"componentType":5126,
			"count":1777,
			"type":"VEC4",
			"min":[0.402121007,0,0,0
			],
			"max":[1,0.49900052,0.285470128,0
			]
		},
		{
			"bufferView":24,
			"componentType":5125,
			"count":1777,
			"type":"VEC4",
			"min":[65541,65541,65541,65541
			],
			"max":[1114128,4063259,4063259,4063259
			]
		},
		{
			"bufferView":25,
			"componentType":5126,
			"count":1777,
			"type":"VEC2",
			"min":[0.00365298893,0.00444805622
			],
			"max":[0.992955029,0.99149102
			]
		},
		{
			"bufferView":26,
			"componentType":5126,
			"count":1777,
			"type":"VEC4",
			"min":[-0.999951005,-0.999736071,-0.984610796,1
			],
			"max":[0.999964714,0.999932051,0.987048626,1
			]
		},
		{
			"bufferView":27,
			"componentType":5126,
			"count":1777,
			"type":"SCALAR",
			"min":[1
			],
			"max":[1
			]
		},
		{
			"bufferView":28,
			"componentType":5123,
			"count":8778,
			"type":"SCALAR",
			"min":[0
			],
			"max":[2399
			]
		},
		{
			"bufferView":29,
			"componentType":5126,
			"count":2400,
			"type":"VEC3",
			"min":[-0.421721309,1.12023127,-0.04895854
			],
			"max":[-0.0804768801,1.25945687,0.500045896
			]
		},
		{
			"bufferView":30,
			"componentType":5126,
			"count":2400,
			"type":"SCALAR",
			"min":[0.999999881
			],
			"max":[1.00000012
			]
		},
		{
			"bufferView":31,
			"componentType":5123,
			"count":2400,
			"type":"VEC4",
			"min":[8,0,0,0
			],
			"max":[48,48,48,48
			]
		},
		{
			"bufferView":32,
			"componentType":5123,
			"count":2400,
			"type":"VEC4",
			"min":[0,0,0,0
			],
			"max":[47,44,41,0
			]
		},
		{
			"bufferView":33,
			"componentType":5126,
			"count":2400,
			"type":"VEC4",
			"min":[0.000102204147,0,0,0
			],
			"max":[1,0.999897778,0.997677684,0.991109192
			]
		},
		{
			"bufferView":34,
			"componentType":5126,
			"count":2400,
			"type":"VEC4",
			"min":[0,0,0,0
			],
			"max":[0.983874142,0.969497681,0.899119437,0
			]
		},
		{
			"bufferView":35,
			"componentType":5126,
			"count":2400,
			"type":"VEC3",
			"min":[-0.996050477,-0.999816716,-0.997214854
			],
			"max":[0.999889791,0.999652088,0.997292101
			]
		},
		{
			"bufferView":36,
			"componentType":5126,
			"count":2400,
			"type":"VEC2",
			"min":[0.0104789697,0.00633704662
			],
			"max":[0.991537988,0.989217997
			]
		},
		{
			"bufferView":37,
			"componentType":5126,
			"count":2400,
			"type":"VEC4",
			"min":[0.357478559,0,0,0
			],
			"max":[1,0.498542756,0.313801795,0
			]
		},
		{
			"bufferView":38,
			"componentType":5125,
			"count":2400,
			"type":"VEC4",
			"min":[2293797,2293797,2293797,2293797
			],
			"max":[6160477,6488163,6488163,6488163
			]
		},
		{
			"bufferView":39,
			"componentType":5126,
			"count":2400,
			"type":"VEC2",
			"min":[0,1
			],
			"max":[0,1
			]
		},
		{
			"bufferView":40,
			"componentType":5126,
			"count":2400,
			"type":"VEC4",
			"min":[0,0,0,1
			],
			"max":[0,0,0,1
			]
		},
		{
			"bufferView":41,
			"componentType":5126,
			"count":2400,
			"type":"SCALAR",
			"min":[1
			],
			"max":[1
			]
		},
		{
			"bufferView":42,
			"componentType":5123,
			"count":7500,
			"type":"SCALAR",
			"min":[0
			],
			"max":[1798
			]
		},
		{
			"bufferView":43,
			"componentType":5126,
			"count":1799,
			"type":"VEC3",
			"min":[-0.207780331,1.41496778,-0.106952175
			],
			"max":[0.0155041628,1.72700989,0.100621566
			]
		},
		{
			"bufferView":44,
			"componentType":5126,
			"count":1799,
			"type":"SCALAR",
			"min":[0.999999881
			],
			"max":[1.00000012
			]
		},
		{
			"bufferView":45,
			"componentType":5123,
			"count":1799,
			"type":"VEC4",
			"min":[0,0,0,0
			],
			"max":[32,32,32,27
			]
		},
		{
			"bufferView":46,
			"componentType":5123,
			"count":1799,
			"type":"VEC4",
			"min":[0,0,0,0
			],
			"max":[26,26,0,0
			]
		},
		{
			"bufferView":47,
			"componentType":5126,
			"count":1799,
			"type":"VEC4",
			"min":[0.000100758683,0,0,0
			],
			"max":[1,0.999881148,0.999348283,0.991795599
			]
		},
		{
			"bufferView":48,
			"componentType":5126,
			"count":1799,
			"type":"VEC4",
			"min":[0,0,0,0
			],
			"max":[0.959953368,0.912756026,0,0
			]
		},
		{
			"bufferView":49,
			"componentType":5126,
			"count":1799,
			"type":"VEC3",
			"min":[-0.999698341,-0.999447167,-0.999693632
			],
			"max":[0.997307301,0.999680042,0.999489486
			]
		},
		{
			"bufferView":50,
			"componentType":5126,
			"count":1799,
			"type":"VEC2",
			"min":[0.01263397,0.012879014
			],
			"max":[0.986033976,0.987465024
			]
		},
		{
			"bufferView":51,
			"componentType":5126,
			"count":1799,
			"type":"VEC4",
			"min":[0.471007407,0,0,0
			],
			"max":[1,0.498878449,0.116394043,0
			]
		},
		{
			"bufferView":52,
			"componentType":5125,
			"count":1799,
			"type":"VEC4",
			"min":[1769569,1769569,1769569,1769569
			],
			"max":[6488163,6488163,6488163,6488163
			]
		},
		{
			"bufferView":53,
			"componentType":5126,
			"count":1799,
			"type":"VEC2",
			"min":[0.01263397,0.012879014
			],
			"max":[0.986033976,0.987465024
			]
		},
		{
			"bufferView":54,
			"componentType":5126,
			"count":1799,
			"type":"VEC4",
			"min":[-0.993497074,-0.999821424,-0.99993521,1
			],
			"max":[0.999990642,0.999976814,0.999976695,1
			]
		},
		{
			"bufferView":55,
			"componentType":5126,
			"count":1799,
			"type":"SCALAR",
			"min":[1
			],
			"max":[1
			]
		},
		{
			"bufferView":56,
			"componentType":5123,
			"count":29919,
			"type":"SCALAR",
			"min":[0
			],
			"max":[9946
			]
		},
		{
			"bufferView":57,
			"componentType":5126,
			"count":9947,
			"type":"VEC3",
			"min":[-0.395767868,0.878152251,-0.303846538
			],
			"max":[0.243154541,1.5522697,0.401868671
			]
		},
		{
			"bufferView":58,
			"componentType":5126,
			"count":9947,
			"type":"SCALAR",
			"min":[0.999999881
			],
			"max":[1.00000024
			]
		},
		{
			"bufferView":59,
			"componentType":5123,
			"count":9947,
			"type":"VEC4",
			"min":[0,0,0,0
			],
			"max":[44,34,34,33
			]
		},
		{
			"bufferView":60,
			"componentType":5123,
			"count":9947,
			"type":"VEC4",
			"min":[0,0,0,0
			],
			"max":[33,33,0,0
			]
		},
		{
			"bufferView":61,
			"componentType":5126,
			"count":9947,
			"type":"VEC4",
			"min":[0.000100072008,0,0,0
			],
			"max":[1,0.999895513,0.99977082,0.994258881
			]
		},
		{
			"bufferView":62,
			"componentType":5126,
			"count":9947,
			"type":"VEC4",
			"min":[0,0,0,0
			],
			"max":[0.977387011,0.924632192,0,0
			]
		},
		{
			"bufferView":63,
			"componentType":5126,
			"count":9947,
			"type":"VEC3",
			"min":[-0.999983668,-0.999886572,-0.999907017
			],
			"max":[0.999572575,0.999964416,0.999932289
			]
		},
		{
			"bufferView":64,
			"componentType":5126,
			"count":9947,
			"type":"VEC2",
			"min":[0.00142198801,0.00316298008
			],
			"max":[0.998239994,0.997695982
			]
		},
		{
			"bufferView":65,
			"componentType":5126,
			"count":9947,
			"type":"VEC4",
			"min":[0.345616847,0,0,0
			],
			"max":[1,0.5,0.322697788,0
			]
		},
		{
			"bufferView":66,
			"componentType":5125,
			"count":9947,
			"type":"VEC4",
			"min":[65556,0,0,0
			],
			"max":[6357019,6357019,6357019,6357019
			]
		},
		{
			"bufferView":67,
			"componentType":5126,
			"count":9947,
			"type":"VEC2",
			"min":[0.00142198801,0.00316298008
			],
			"max":[0.998239994,0.997695982
			]
		},
		{
			"bufferView":68,
			"componentType":5126,
			"count":9947,
			"type":"VEC4",
			"min":[-1,-0.999563277,-0.999982595,1
			],
			"max":[1,0.999916553,0.999998391,1
			]
		},
		{
			"bufferView":69,
			"componentType":5126,
			"count":9947,
			"type":"SCALAR",
			"min":[1
			],
			"max":[1
			]
		},
		{
			"bufferView":70,
			"componentType":5126,
			"count":50,
			"type":"MAT4",
			"min":[-0.432542384,-0.421700895,-0.350269586,0,-0.125618756,-0.42125386,-0.424477041,0,-0.408646584,-0.335581183,-0.423800468,0,-0.51907748,-0.694619715,-0.486999094,1
			],
			"max":[0.424881309,0.385232061,0.404324353,0,0.424167097,0.433093667,0.428670704,0,0.401559949,0.425372839,0.261739284,0,0.156425431,0.470788687,0.545836627,1
			]
		}
	],
	"buffers":[
		{
			"uri":"character3_data.bin",
			"byteLength":2910456,
			"name":"main_buffer"
		}
	],
	"bufferViews":[
		{
			"buffer":0,
			"byteLength":20442,
			"target":34963
		},
		{
			"buffer":0,
			"byteOffset":20444,
			"byteLength":40716,
			"target":34962
		},
		{
			"buffer":0,
			"byteOffset":61160,
			"byteLength":13572,
			"target":34962
		},
		{
			"buffer":0,
			"byteOffset":74732,
			"byteLength":27144,
			"target":34962
		},
		{
			"buffer":0,
			"byteOffset":101876,
			"byteLength":27144,
			"target":34962
		},
		{
			"buffer":0,
			"byteOffset":129020,
			"byteLength":54288,
			"target":34962
		},
		{
			"buffer":0,
			"byteOffset":183308,
			"byteLength":54288,
			"target":34962
		},
		{
			"buffer":0,
			"byteOffset":237596,
			"byteLength":40716,
			"target":34962
		},
		{
			"buffer":0,
			"byteOffset":278312,
			"byteLength":27144,
			"target":34962
		},
		{
			"buffer":0,
			"byteOffset":305456,
			"byteLength":54288,
			"target":34962
		},
		{
			"buffer":0,
			"byteOffset":359744,
			"byteLength":54288,
			"target":34962
		},
		{
			"buffer":0,
			"byteOffset":414032,
			"byteLength":27144,
			"target":34962
		},
		{
			"buffer":0,
			"byteOffset":441176,
			"byteLength":54288,
			"target":34962
		},
		{
			"buffer":0,
			"byteOffset":495464,
			"byteLength":13572,
			"target":34962
		},
		{
			"buffer":0,
			"byteOffset":509036,
			"byteLength":12912,
			"target":34963
		},
		{
			"buffer":0,
			"byteOffset":521948,
			"byteLength":21324,
			"target":34962
		},
		{
			"buffer":0,
			"byteOffset":543272,
			"byteLength":7108,
			"target":34962
		},
		{
			"buffer":0,
			"byteOffset":550380,
			"byteLength":14216,
			"target":34962
		},
		{
			"buffer":0,
			"byteOffset":564596,
			"byteLength":14216,
			"target":34962
		},
		{
			"buffer":0,
			"byteOffset":578812,
			"byteLength":28432,
			"target":34962
		},
		{
			"buffer":0,
			"byteOffset":607244,
			"byteLength":28432,
			"target":34962
		},
		{
			"buffer":0,
			"byteOffset":635676,
			"byteLength":21324,
			"target":34962
		},
		{
			"buffer":0,
			"byteOffset":657000,
			"byteLength":14216,
			"target":34962
		},
		{
			"buffer":0,
			"byteOffset":671216,
			"byteLength":28432,
			"target":34962
		},
		{
			"buffer":0,
			"byteOffset":699648,
			"byteLength":28432,
			"target":34962
		},
		{
			"buffer":0,
			"byteOffset":728080,
			"byteLength":14216,
			"target":34962
		},
		{
			"buffer":0,
			"byteOffset":742296,
			"byteLength":28432,
			"target":34962
		},
		{
			"buffer":0,
			"byteOffset":770728,
			"byteLength":7108,
			"target":34962
		},
		{
			"buffer":0,
			"byteOffset":777836,
			"byteLength":17556,
			"target":34963
		},
		{
			"buffer":0,
			"byteOffset":795392,
			"byteLength":28800,
			"target":34962
		},
		{
			"buffer":0,
			"byteOffset":824192,
			"byteLength":9600,
			"target":34962
		},
		{
			"buffer":0,
			"byteOffset":833792,
			"byteLength":19200,
			"target":34962
		},
		{
			"buffer":0,
			"byteOffset":852992,
			"byteLength":19200,
			"target":34962
		},
		{
			"buffer":0,
			"byteOffset":872192,
			"byteLength":38400,
			"target":34962
		},
		{
			"buffer":0,
			"byteOffset":910592,
			"byteLength":38400,
			"target":34962
		},
		{
			"buffer":0,
			"byteOffset":948992,
			"byteLength":28800,
			"target":34962
		},
		{
			"buffer":0,
			"byteOffset":977792,
			"byteLength":19200,
			"target":34962
		},
		{
			"buffer":0,
			"byteOffset":996992,
			"byteLength":38400,
			"target":34962
		},
		{
			"buffer":0,
			"byteOffset":1035392,
			"byteLength":38400,
			"target":34962
		},
		{
			"buffer":0,
			"byteOffset":1073792,
			"byteLength":19200,
			"target":34962
		},
		{
			"buffer":0,
			"byteOffset":1092992,
			"byteLength":38400,
			"target":34962
		},
		{
			"buffer":0,
			"byteOffset":1131392,
			"byteLength":9600,
			"target":34962
		},
		{
			"buffer":0,
			"byteOffset":1140992,
			"byteLength":15000,
			"target":34963
		},
		{
			"buffer":0,
			"byteOffset":1155992,
			"byteLength":21588,
			"target":34962
		},
		{
			"buffer":0,
			"byteOffset":1177580,
			"byteLength":7196,
			"target":34962
		},
		{
			"buffer":0,
			"byteOffset":1184776,
			"byteLength":14392,
			"target":34962
		},
		{
			"buffer":0,
			"byteOffset":1199168,
			"byteLength":14392,
			"target":34962
		},
		{
			"buffer":0,
			"byteOffset":1213560,
			"byteLength":28784,
			"target":34962
		},
		{
			"buffer":0,
			"byteOffset":1242344,
			"byteLength":28784,
			"target":34962
		},
		{
			"buffer":0,
			"byteOffset":1271128,
			"byteLength":21588,
			"target":34962
		},
		{
			"buffer":0,
			"byteOffset":1292716,
			"byteLength":14392,
			"target":34962
		},
		{
			"buffer":0,
			"byteOffset":1307108,
			"byteLength":28784,
			"target":34962
		},
		{
			"buffer":0,
			"byteOffset":1335892,
			"byteLength":28784,
			"target":34962
		},
		{
			"buffer":0,
			"byteOffset":1364676,
			"byteLength":14392,
			"target":34962
		},
		{
			"buffer":0,
			"byteOffset":1379068,
			"byteLength":28784,
			"target":34962
		},
		{
			"buffer":0,
			"byteOffset":1407852,
			"byteLength":7196,
			"target":34962
		},
		{
			"buffer":0,
			"byteOffset":1415048,
			"byteLength":59838,
			"target":34963
		},
		{
			"buffer":0,
			"byteOffset":1474888,
			"byteLength":119364,
			"target":34962
		},
		{
			"buffer":0,
			"byteOffset":1594252,
			"byteLength":39788,
			"target":34962
		},
		{
			"buffer":0,
			"byteOffset":1634040,
			"byteLength":79576,
			"target":34962
		},
		{
			"buffer":0,
			"byteOffset":1713616,
			"byteLength":79576,
			"target":34962
		},
		{
			"buffer":0,
			"byteOffset":1793192,
			"byteLength":159152,
			"target":34962
		},
		{
			"buffer":0,
			"byteOffset":1952344,
			"byteLength":159152,
			"target":34962
		},
		{
			"buffer":0,
			"byteOffset":2111496,
			"byteLength":119364,
			"target":34962
		},
		{
			"buffer":0,
			"byteOffset":2230860,
			"byteLength":79576,
			"target":34962
		},
		{
			"buffer":0,
			"byteOffset":2310436,
			"byteLength":159152,
			"target":34962
		},
		{
			"buffer":0,
			"byteOffset":2469588,
			"byteLength":159152,
			"target":34962
		},
		{
			"buffer":0,
			"byteOffset":2628740,
			"byteLength":79576,
			"target":34962
		},
		{
			"buffer":0,
			"byteOffset":2708316,
			"byteLength":159152,
			"target":34962
		},
		{
			"buffer":0,
			"byteOffset":2867468,
			"byteLength":39788,
			"target":34962
		},
		{
			"buffer":0,
			"byteOffset":2907256,
			"byteLength":3200
		}
	],
	"nodes":[
		{
			"children":[1,5,46
			],
			"matrix":[1.35862362,0.153064907,1.85347533,0,-0.135606468,2.29741383,-0.090325065,0,-1.85483432,-0.0558468066,1.36423182,0,-0.0390684977,0.909814417,0.0072247372,1
			],
			"name":"point_0"
		},
		{
			"children":[2
			],
			"matrix":[-0.974780977,-0.207990065,-0.0808832869,0,-0.163883463,0.42116496,0.892055094,0,-0.151473388,0.882813811,-0.444629759,0,0.0427427925,-0.0185378864,-0.000281232351,1
			],
			"name":"point_4"
		},
		{
			"children":[3
			],
			"matrix":[0.987023473,0.0101398062,0.16025576,0,0.0713476092,0.866386056,-0.494251788,0,-0.143854976,0.499271929,0.854419827,0,-0.010860051,-0.00999976974,-0.172765896,1
			],
			"name":"point_5"
		},
		{
			"children":[4
			],
			"matrix":[0.997377157,0.0713929236,-0.0119116846,0,-0.0709071681,0.996790409,0.0371622033,0,0.0145265795,-0.0362201147,0.999238312,0,-0.00347899436,-0.00084653066,-0.193562075,1
			],
			"name":"point_6"
		},
		{
			"matrix":[0.999975383,-0.00504819537,-0.00486786244,0,0.00510503445,0.999918163,0.0117291873,0,0.0048082592,-0.0117537389,0.999919295,0,-0.0326256417,0.0727369264,-0.00781868119,1
			],
			"name":"point_7"
		},
		{
			"children":[6
			],
			"matrix":[0.999960423,0.00845892914,0.00274543068,0,-0.00846794248,0.999958694,0.00328890863,0,-0.00271752942,-0.00331202289,0.999990821,0,0.00159781764,0.120886378,-0.00923441537,1
			],
			"name":"point_26"
		},
		{
			"children":[7,25,28
			],
			"matrix":[-0.995367765,0.0957434475,-0.00872717332,0,0.0898870677,0.958986998,0.268820465,0,0.0341070332,0.266790777,-0.96315074,0,0.00159781263,0.1208864,-0.0092344163,1
			],
			"name":"point_1"
		},
		{
			"children":[8
			],
			"matrix":[0.0616422594,0.546488941,-0.835194707,0,-0.881090939,0.42292127,0.211698413,0,0.468912542,0.722832739,0.507576287,0,-0.0820335299,-0.0378959738,0.00540743815,1
			],
			"name":"point_8"
		},
		{
			"children":[9
			],
			"matrix":[0.505115569,0.845115423,-0.17503795,0,-0.36681211,0.02663818,-0.929913521,0,-0.781221509,0.53391993,0.323454022,0,-1.50814756e-08,-1.70516923e-09,-0.108853474,1
			],
			"name":"point_9"
		},
		{
			"children":[10,13,16,19,22
			],
			"matrix":[-0.253847748,-0.034648031,0.966623485,0,0.254354537,0.961794138,0.101271719,0,-0.933201492,0.27157259,-0.235336378,0,0.0415613167,-0.0119519765,-0.116843283,1
			],
			"name":"point_10"
		},
		{
			"children":[11
			],
			"matrix":[0.680272222,-0.010529656,-0.73288393,0,-0.107738629,0.987599194,-0.114193618,0,0.724998057,0.15664272,0.670701981,0,1.99380352e-08,1.11056773e-08,-0.0289077312,1
			],
			"name":"point_11"
		},
		{
			"children":[12
			],
			"matrix":[0.999244928,-0.0377634577,-0.00914186798,0,0.0383048169,0.996886075,0.0689272285,0,0.00651045004,-0.0692253932,0.997579813,0,9.92069982e-09,-1.66429697e-08,-0.0185172781,1
			],
			"name":"point_12"
		},
		{
			"matrix":[0.953870237,0.0957178548,-0.28455162,0,-0.0527871512,0.986519754,0.154893875,0,0.295542002,-0.132727981,0.946064532,0,-1.66415344e-08,1.59910769e-08,-0.0144023476,1
			],
			"name":"point_13"
		},
		{
			"children":[14
			],
			"matrix":[0.639082968,-0.0153077245,-0.768985569,0,-0.0578436777,0.99601382,-0.0678993389,0,0.766959608,0.087874271,0.635650039,0,-0.0205385834,0.00801886432,-0.0224325117,1
			],
			"name":"point_14"
		},
		{
			"children":[15
			],
			"matrix":[0.958429217,0.0531184487,0.280342191,0,0.0499649793,0.936092615,-0.348187357,0,-0.280921251,0.347720295,0.894524395,0,-2.35784336e-10,-2.01306438e-08,-0.023802897,1
			],
			"name":"point_15"
		},
		{
			"matrix":[0.999999523,0.000975724484,0.000114276394,0,-0.000975530187,0.999998927,-0.00106910139,0,-0.000115366558,0.00106895564,0.999999464,0,3.23556471e-08,-1.682929e-08,-0.0181741789,1
			],
			"name":"point_16"
		},
		{
			"children":[17
			],
			"matrix":[0.527607739,-0.0579729304,-0.847507596,0,0.206230521,0.976563334,0.061585959,0,0.824074566,-0.207275152,0.527198255,0,-0.0258404221,0.000573855243,-0.0106540984,1
			],
			"name":"point_17"
		},
		{
			"children":[18
			],
			"matrix":[0.897723258,0.0946259797,0.430277795,0,0.0487524793,0.949325323,-0.310490578,0,-0.437854022,0.299711615,0.847618163,0,6.56017518e-10,-2.55497881e-08,-0.0262128748,1
			],
			"name":"point_18"
		},
		{
			"matrix":[0.966507733,-0.252869129,0.0438183136,0,0.251778811,0.967352569,0.0289237462,0,-0.0497016832,-0.0169223957,0.998620927,0,0.00523276022,-0.0120275225,-0.0222297218,1
			],
			"name":"point_19"
		},
		{
			"children":[20
			],
			"matrix":[0.510161102,0.224633574,-0.830226123,0,-0.259451717,0.960517049,0.100457266,0,0.82001245,0.164154261,0.548300147,0,-0.0283158366,-0.00459333602,-0.00605643634,1
			],
			"name":"point_20"
		},
		{
			"children":[21
			],
			"matrix":[0.825869322,-0.0480906703,0.561806977,0,0.38929373,0.769415736,-0.506408751,0,-0.407909542,0.636935413,0.654158235,0,-1.00242614e-08,3.49763996e-09,-0.0213151742,1
			],
			"name":"point_21"
		},
		{
			"matrix":[0.956621408,0.264841557,0.121385872,0,-0.164582536,0.835077047,-0.524937034,0,-0.240391687,0.482188106,0.842440963,0,7.88023957e-09,-6.7953887e-09,-0.0212792009,1
			],
			"name":"point_22"
		},
		{
			"children":[23
			],
			"matrix":[0.27198121,-0.0178019498,-0.962137878,0,-0.0356277972,0.998957038,-0.0285544936,0,0.961642861,0.0420451052,0.271063328,0,-0.0317167155,-0.0109831607,0.000735829351,1
			],
			"name":"point_23"
		},
		{
			"children":[24
			],
			"matrix":[0.955398738,0.291603208,0.0466989614,0,-0.295317918,0.942986369,0.153505653,0,0.000726215309,-0.160450131,0.987043619,0,2.99161451e-09,5.69626213e-09,-0.0143911652,1
			],
			"name":"point_24"
		},
		{
			"matrix":[0.99491626,-0.0243079104,-0.0977278948,0,0.012525239,0.992765009,-0.11941833,0,0.0999237001,0.117587224,0.988022566,0,0.00607554754,-0.00737521658,-0.0122053698,1
			],
			"name":"point_25"
		},
		{
			"children":[26,27
			],
			"matrix":[0.995627582,-0.0866244659,-0.0349558964,0,0.0891423523,0.992928207,0.0784042925,0,0.0279169604,-0.0811775327,0.996308565,0,0.000269236887,0.0274218861,0.000158904732,1
			],
			"name":"point_27"
		},
		{
			"matrix":[0.999975085,0.00658364547,0.00254822802,0,-0.00624387665,0.993237972,-0.115927495,0,-0.00329417433,0.115908645,0.993254483,0,-0.000403898302,0.0671165362,0.0155130886,1
			],
			"name":"point_3"
		},
		{
			"matrix":[0.999994278,-0.00319076865,0.00114567287,0,0.00319606741,0.999984145,-0.00464098854,0,-0.00113079848,0.0046446058,0.999988616,0,0.000249152014,0.000624623848,-0.0559411608,1
			],
			"name":"point_28"
		},
		{
			"children":[29
			],
			"matrix":[-0.0618025772,0.6450032,-0.761676669,0,0.849841356,0.434198856,0.298732191,0,-0.523402452,0.628841758,0.574985027,0,0.0824815407,-0.0379709192,0.00592498621,1
			],
			"name":"mirror_point_8"
		},
		{
			"children":[30
			],
			"matrix":[0.763326406,0.333911896,-0.553023994,0,-0.469473779,-0.301321387,-0.829939604,0,-0.443764627,0.893145204,-0.0732436255,0,-1.04857714e-08,-5.06035835e-09,-0.108853452,1
			],
			"name":"mirror_point_9"
		},
		{
			"children":[31,34,37,40,43
			],
			"matrix":[-0.302795202,-0.0181762278,0.952882349,0,0.89278239,0.344505042,0.290268779,0,-0.333548784,0.938608468,-0.0880870223,0,0.041561313,-0.0119519653,-0.116843276,1
			],
			"name":"mirror_point_10"
		},
		{
			"children":[32
			],
			"matrix":[0.116188236,-0.985065222,0.127070308,0,0.50007695,-0.0525192507,-0.864386976,0,0.858151257,0.16397655,0.486506343,0,2.01269099e-08,2.11418527e-08,-0.0289077442,1
			],
			"name":"mirror_point_11"
		},
		{
			"children":[33
			],
			"matrix":[0.739885151,0.672711194,0.00543846376,0,-0.661660433,0.726222515,0.18656458,0,0.121554531,-0.141634852,0.982427597,0,6.30912256e-09,-1.23100392e-08,-0.0185172744,1
			],
			"name":"mirror_point_12"
		},
		{
			"matrix":[-0.541135669,-0.380806267,-0.749772429,0,0.292694032,-0.921135068,0.256593555,0,-0.788354278,-0.0806020796,0.609918773,0,2.38601228e-09,1.73443233e-08,-0.0144023616,1
			],
			"name":"mirror_point_13"
		},
		{
			"children":[35
			],
			"matrix":[0.545965672,0.0818732679,-0.833797574,0,-0.130019739,0.991436124,0.0122161247,0,0.827657104,0.101740547,0.551935136,0,-0.020538589,0.00801885501,-0.0224325061,1
			],
			"name":"mirror_point_14"
		},
		{
			"children":[36
			],
			"matrix":[0.944705427,-0.295276254,0.142631382,0,0.32541123,0.790446997,-0.518942475,0,0.0404888988,0.536661565,0.842825711,0,2.03367403e-08,6.07748019e-11,-0.0238029025,1
			],
			"name":"mirror_point_15"
		},
		{
			"matrix":[0.999983549,0.00277610496,-0.0050125001,0,-0.00278233318,0.99999541,-0.00125071092,0,0.00500897225,0.00126466656,0.999986649,0,2.02035384e-08,-1.22179946e-08,-0.018174164,1
			],
			"name":"mirror_point_16"
		},
		{
			"children":[38
			],
			"matrix":[0.405865818,-0.107117586,-0.907633603,0,0.166533962,0.985149384,-0.041797068,0,0.898631871,-0.134187818,0.417677194,0,-0.0258404333,0.000573869678,-0.0106540667,1
			],
			"name":"mirror_point_17"
		},
		{
			"children":[39
			],
			"matrix":[0.900080502,0.42522791,-0.0950596109,0,-0.24660264,0.3172777,-0.915708423,0,-0.359224349,0.84765321,0.390437871,0,2.28347883e-08,-2.66108895e-08,-0.026212886,1
			],
			"name":"mirror_point_18"
		},
		{
			"matrix":[0.919377923,-0.386512518,-0.0731604025,0,0.390757203,0.875903249,0.283023626,0,-0.0453107841,-0.288793564,0.956318676,0,0.00523277139,-0.0120275291,-0.0222297274,1
			],
			"name":"mirror_point_19"
		},
		{
			"children":[41
			],
			"matrix":[0.395763814,0.0594958588,-0.916423142,0,-0.236324742,0.970890105,-0.0390265882,0,0.887424111,0.232018843,0.398303539,0,-0.0283158422,-0.00459332671,-0.00605641771,1
			],
			"name":"mirror_point_20"
		},
		{
			"children":[42
			],
			"matrix":[0.888143122,0.455920845,-0.0577752255,0,-0.104563437,0.0780533403,-0.991450548,0,-0.447513342,0.886591136,0.116995119,0,5.88313931e-09,2.29054375e-09,-0.0213151854,1
			],
			"name":"mirror_point_21"
		},
		{
			"matrix":[0.974659085,-0.220986277,0.0347104147,0,0.219802707,0.974920034,0.034893807,0,-0.0415508412,-0.0263801236,0.998788178,0,5.7836127e-09,-1.31620936e-08,-0.0212792046,1
			],
			"name":"mirror_point_22"
		},
		{
			"children":[44
			],
			"matrix":[0.227219924,0.0440568514,-0.972846389,0,-0.103151448,0.994445145,0.0209428016,0,0.968365133,0.09559194,0.230502293,0,-0.031716723,-0.0109831467,0.000735841691,1
			],
			"name":"mirror_point_23"
		},
		{
			"children":[45
			],
			"matrix":[0.997666776,0.045550406,0.050853774,0,0.028314162,0.401737273,-0.915317059,0,-0.0621228628,0.914621472,0.399510175,0,4.20305959e-08,-3.37352768e-09,-0.0143911671,1
			],
			"name":"mirror_point_24"
		},
		{
			"matrix":[0.965480626,-0.204703793,0.161069557,0,0.206223503,0.222975999,-0.952760994,0,0.159119263,0.95308876,0.257493675,0,0.00607551029,-0.00737520214,-0.0122053511,1
			],
			"name":"mirror_point_25"
		},
		{
			"children":[47
			],
			"matrix":[0.937053442,-0.348640949,-0.0195012968,0,0.139649272,0.322982013,0.936045229,0,0.320045143,0.879847765,-0.351338863,0,-0.0368697494,-0.018537879,-0.000281232991,1
			],
			"name":"mirror_point_4"
		},
		{
			"children":[48
			],
			"matrix":[0.950342476,0.0318815,0.309568822,0,0.16769734,0.785499275,-0.595708609,0,-0.262158126,0.618040979,0.741146803,0,-0.0108600538,-0.00999976788,-0.172765896,1
			],
			"name":"mirror_point_5"
		},
		{
			"children":[49
			],
			"matrix":[0.960715234,0.175333917,-0.215137586,0,-0.183880463,0.9827407,-0.0202148166,0,0.207880139,0.0589802936,0.976374447,0,-0.00347899878,-0.000846534851,-0.193562075,1
			],
			"name":"mirror_point_6"
		},
		{
			"matrix":[0.999997973,0.00136663707,-0.00146979548,0,-0.00136246881,0.999994934,0.00286898692,0,0.00147370133,-0.00286697666,0.999994814,0,-0.0326256417,0.0727369264,-0.00781868119,1
			],
			"name":"mirror_point_7"
		},
		{
			"mesh":0,
			"skin":0
		}
	],
	"meshes":[
		{
			"primitives":[
				{
					"attributes":{
						"TEXCOORD_1":11,
						"_WEIGHTS_0":9,
						"TEXCOORD_0":8,
						"NORMAL":7,
						"WEIGHTS_0":5,
						"_pCaptFrame":13,
						"WEIGHTS_1":6,
						"JOINTS_1":4,
						"TANGENT":12,
						"JOINTS_0":3,
						"_pCaptAlpha":2,
						"_JOINTS_0":10,
						"POSITION":1
					},
					"indices":0,
					"material":0
				},
				{
					"attributes":{
						"TEXCOORD_1":25,
						"_WEIGHTS_0":23,
						"TEXCOORD_0":22,
						"NORMAL":21,
						"WEIGHTS_0":19,
						"_pCaptFrame":27,
						"WEIGHTS_1":20,
						"JOINTS_1":18,
						"TANGENT":26,
						"JOINTS_0":17,
						"_pCaptAlpha":16,
						"_JOINTS_0":24,
						"POSITION":15
					},
					"indices":14,
					"material":1
				},
				{
					"attributes":{
						"TEXCOORD_1":39,
						"_WEIGHTS_0":37,
						"TEXCOORD_0":36,
						"NORMAL":35,
						"WEIGHTS_0":33,
						"_pCaptFrame":41,
						"WEIGHTS_1":34,
						"JOINTS_1":32,
						"TANGENT":40,
						"JOINTS_0":31,
						"_pCaptAlpha":30,
						"_JOINTS_0":38,
						"POSITION":29
					},
					"indices":28,
					"material":2
				},
				{
					"attributes":{
						"TEXCOORD_1":53,
						"_WEIGHTS_0":51,
						"TEXCOORD_0":50,
						"NORMAL":49,
						"WEIGHTS_0":47,
						"_pCaptFrame":55,
						"WEIGHTS_1":48,
						"JOINTS_1":46,
						"TANGENT":54,
						"JOINTS_0":45,
						"_pCaptAlpha":44,
						"_JOINTS_0":52,
						"POSITION":43
					},
					"indices":42,
					"material":3
				},
				{
					"attributes":{
						"TEXCOORD_1":67,
						"_WEIGHTS_0":65,
						"TEXCOORD_0":64,
						"NORMAL":63,
						"WEIGHTS_0":61,
						"_pCaptFrame":69,
						"WEIGHTS_1":62,
						"JOINTS_1":60,
						"TANGENT":68,
						"JOINTS_0":59,
						"_pCaptAlpha":58,
						"_JOINTS_0":66,
						"POSITION":57
					},
					"indices":56,
					"material":4
				}
			],
			"name":"material1"
		}
	],
	"skins":[
		{
			"inverseBindMatrices":70,
			"skeleton":0,
			"joints":[0,6,26,1,2,3,4,7,8,9,10,11,12,13,14,15,16,17,18,19,20,21,22,23,24,5,25,27,46,47,48,49,28,29,30,31,32,33,34,35,36,37,38,39,40,41,42,43,44,45
			]
		}
	],
	"materials":[
		{
			"name":"radio",
			"pbrMetallicRoughness":{
				"metallicFactor":0,
				"roughnessFactor":0.300000012,
				"baseColorTexture":{
					"index":0
				}
			},
			"normalTexture":{
				"index":1
			}
		},
		{
			"name":"body_vc",
			"pbrMetallicRoughness":{
				"metallicFactor":0,
				"roughnessFactor":0.300000012,
				"baseColorTexture":{
					"index":2
				}
			},
			"normalTexture":{
				"index":3
			}
		},
		{
			"name":"glovers",
			"pbrMetallicRoughness":{
				"metallicFactor":0,
				"roughnessFactor":0.300000012,
				"baseColorTexture":{
					"index":4
				}
			}
		},
		{
			"name":"head_vb",
			"pbrMetallicRoughness":{
				"metallicFactor":0,
				"roughnessFactor":0.300000012,
				"baseColorTexture":{
					"index":5
				}
			},
			"normalTexture":{
				"index":6
			}
		},
		{
			"name":"body",
			"pbrMetallicRoughness":{
				"metallicFactor":0,
				"roughnessFactor":0.300000012,
				"baseColorTexture":{
					"index":7
				}
			},
			"normalTexture":{
				"index":8
			}
		}
	],
	"scenes":[
		{
			"nodes":[0,50
			]
		}
	],
	"textures":[
		{
			"source":0
		},
		{
			"source":1
		},
		{
			"source":2
		},
		{
			"source":3
		},
		{
			"source":4
		},
		{
			"source":5
		},
		{
			"source":6
		},
		{
			"source":7
		},
		{
			"source":8
		}
	],
	"images":[
		{
			"uri":"ctm_fbi_v2_hat_glasses_radio_variantD_baseColor.png",
			"mimeType":"image/png"
		},
		{
			"uri":"ctm_fbi_v2_hat_glasses_radio_variantD_normal.png",
			"mimeType":"image/png"
		},
		{
			"uri":"ctm_fbi_v2_lower_body_variantC_baseColor.png",
			"mimeType":"image/png"
		},
		{
			"uri":"ctm_fbi_v2_lower_body_variantC_normal.png",
			"mimeType":"image/png"
		},
		{
			"uri":"w_ct_fbi_glove_baseColor.png",
			"mimeType":"image/png"
		},
		{
			"uri":"ctm_fbi_v2_head_variantB_baseColor.png",
			"mimeType":"image/png"
		},
		{
			"uri":"ctm_fbi_v2_head_variantB_normal.png",
			"mimeType":"image/png"
		},
		{
			"uri":"ctm_fbi_v2_body_variantB_baseColor.png",
			"mimeType":"image/png"
		},
		{
			"uri":"ctm_fbi_v2_body_variantB_normal.png",
			"mimeType":"image/png"
		}
	],
	"scene":0
}
